3.19,77|77|47085|7459|7277|3573|5339|7676|8840|2440|0|0
3.29,77|77|47085|7459|7277|3573|5339|7676|8840|2440|0|0
3.39,77|77|47085|7459|7277|3573|5339|7676|8840|2440|0|0
3.50,77|77|47085|7459|7277|3573|5339|7676|8840|2440|0|0
3.60,77|77|47085|7459|7277|3573|5339|7676|8840|2440|0|0
3.70,64|51|21557|16644|938|723|698|2104|3359|473|0|0
3.81,64|51|21557|16644|938|723|698|2104|3359|473|0|0
3.91,64|51|21557|16644|938|723|698|2104|3359|473|0|0
4.01,64|51|21557|16644|938|723|698|2104|3359|473|0|0
4.11,64|51|21557|16644|938|723|698|2104|3359|473|0|0
4.21,64|51|21557|16644|938|723|698|2104|3359|473|0|0
4.31,64|51|21557|16644|938|723|698|2104|3359|473|0|0
4.41,64|51|21557|16644|938|723|698|2104|3359|473|0|0
4.52,64|51|21557|16644|938|723|698|2104|3359|473|0|0
4.62,64|51|21557|16644|938|723|698|2104|3359|473|0|0
4.72,66|51|38833|121766|49304|21778|14543|17302|4897|5582|0|0
4.83,66|51|38833|121766|49304|21778|14543|17302|4897|5582|0|0
4.93,66|51|38833|121766|49304|21778|14543|17302|4897|5582|0|0
5.04,66|51|38833|121766|49304|21778|14543|17302|4897|5582|0|0
5.14,66|51|38833|121766|49304|21778|14543|17302|4897|5582|0|0
5.24,66|51|38833|121766|49304|21778|14543|17302|4897|5582|0|0
5.35,66|51|38833|121766|49304|21778|14543|17302|4897|5582|0|0
5.45,66|51|38833|121766|49304|21778|14543|17302|4897|5582|0|0
5.56,66|51|38833|121766|49304|21778|14543|17302|4897|5582|0|0
5.66,54|50|67853|28499|10252|6577|5252|4371|3431|1480|0|0
5.77,54|50|67853|28499|10252|6577|5252|4371|3431|1480|0|0
5.87,54|50|67853|28499|10252|6577|5252|4371|3431|1480|0|0
5.98,54|50|67853|28499|10252|6577|5252|4371|3431|1480|0|0
6.08,54|50|67853|28499|10252|6577|5252|4371|3431|1480|0|0
6.18,54|50|67853|28499|10252|6577|5252|4371|3431|1480|0|0
21.82,70|40|4892|3976|1495|867|2110|1446|4641|668|0|0
21.93,70|40|4892|3976|1495|867|2110|1446|4641|668|0|0
22.03,70|40|4892|3976|1495|867|2110|1446|4641|668|0|0
22.14,70|40|4892|3976|1495|867|2110|1446|4641|668|0|0
22.24,70|40|4892|3976|1495|867|2110|1446|4641|668|0|0
22.35,70|40|4892|3976|1495|867|2110|1446|4641|668|0|0
22.45,70|40|4892|3976|1495|867|2110|1446|4641|668|0|0
22.56,84|30|9894|11911|6254|5647|7227|14840|7977|2186|0|0
22.66,84|30|9894|11911|6254|5647|7227|14840|7977|2186|0|0
22.77,84|30|9894|11911|6254|5647|7227|14840|7977|2186|0|0
22.87,84|30|9894|11911|6254|5647|7227|14840|7977|2186|0|0
22.97,84|30|9894|11911|6254|5647|7227|14840|7977|2186|0|123
23.08,84|30|9894|11911|6254|5647|7227|14840|7977|2186|0|50
23.18,84|30|9894|11911|6254|5647|7227|14840|7977|2186|0|2
23.29,84|30|9894|11911|6254|5647|7227|14840|7977|2186|0|0
23.39,84|30|9894|11911|6254|5647|7227|14840|7977|2186|0|0
23.50,84|30|9894|11911|6254|5647|7227|14840|7977|2186|0|0
23.60,83|54|63296|14162|20059|4985|7435|4134|3376|964|0|0
23.71,83|54|63296|14162|20059|4985|7435|4134|3376|964|0|0
23.81,83|54|63296|14162|20059|4985|7435|4134|3376|964|0|0
23.91,83|54|63296|14162|20059|4985|7435|4134|3376|964|0|0
24.02,83|54|63296|14162|20059|4985|7435|4134|3376|964|0|0
24.12,83|54|63296|14162|20059|4985|7435|4134|3376|964|0|0
24.22,83|54|63296|14162|20059|4985|7435|4134|3376|964|0|0
24.32,83|54|63296|14162|20059|4985|7435|4134|3376|964|0|0
24.42,83|54|63296|14162|20059|4985|7435|4134|3376|964|0|0
24.53,83|54|63296|14162|20059|4985|7435|4134|3376|964|0|0
24.63,67|66|17140|52234|7409|16170|15206|10415|17347|15566|0|0
24.73,67|66|17140|52234|7409|16170|15206|10415|17347|15566|0|0
24.83,67|66|17140|52234|7409|16170|15206|10415|17347|15566|0|0
65.20,37|81|44496|30263|10150|7961|4315|2319|1587|965|0|0
65.31,37|81|44496|30263|10150|7961|4315|2319|1587|965|0|0
65.41,51|83|26791|8428|20345|3389|4088|6432|3537|7689|0|0
65.51,51|83|26791|8428|20345|3389|4088|6432|3537|7689|0|0
65.62,51|83|26791|8428|20345|3389|4088|6432|3537|7689|0|0
65.72,51|83|26791|8428|20345|3389|4088|6432|3537|7689|0|0
65.82,51|83|26791|8428|20345|3389|4088|6432|3537|7689|0|0
65.92,51|83|26791|8428|20345|3389|4088|6432|3537|7689|0|0
66.03,51|83|26791|8428|20345|3389|4088|6432|3537|7689|0|0
66.13,51|83|26791|8428|20345|3389|4088|6432|3537|7689|0|0
66.23,51|83|26791|8428|20345|3389|4088|6432|3537|7689|0|0
66.34,51|83|26791|8428|20345|3389|4088|6432|3537|7689|0|0
66.44,48|80|21449|52666|23823|8386|5677|6435|2767|1953|0|0
66.54,48|80|21449|52666|23823|8386|5677|6435|2767|1953|0|0
66.64,48|80|21449|52666|23823|8386|5677|6435|2767|1953|0|0
66.74,48|80|21449|52666|23823|8386|5677|6435|2767|1953|0|0
66.85,48|80|21449|52666|23823|8386|5677|6435|2767|1953|0|0
66.95,48|80|21449|52666|23823|8386|5677|6435|2767|1953|0|0
67.05,48|80|21449|52666|23823|8386|5677|6435|2767|1953|0|0
67.15,48|80|21449|52666|23823|8386|5677|6435|2767|1953|0|0
67.26,48|80|21449|52666|23823|8386|5677|6435|2767|1953|0|0
67.36,48|80|21449|52666|23823|8386|5677|6435|2767|1953|0|0
67.46,48|81|852140|247834|90353|12343|18997|16608|16391|3080|0|0
67.56,48|81|852140|247834|90353|12343|18997|16608|16391|3080|0|0
67.67,48|81|852140|247834|90353|12343|18997|16608|16391|3080|0|0
67.77,48|81|852140|247834|90353|12343|18997|16608|16391|3080|0|0
67.87,48|81|852140|247834|90353|12343|18997|16608|16391|3080|0|0
67.97,48|81|852140|247834|90353|12343|18997|16608|16391|3080|0|0
68.08,48|81|852140|247834|90353|12343|18997|16608|16391|3080|0|0
68.18,48|81|852140|247834|90353|12343|18997|16608|16391|3080|0|0
77.59,26|21|118073|80590|15359|2752|8849|2514|917|501|0|0
77.70,26|21|118073|80590|15359|2752|8849|2514|917|501|0|0
77.80,26|21|118073|80590|15359|2752|8849|2514|917|501|0|0
77.90,26|21|118073|80590|15359|2752|8849|2514|917|501|0|0
78.00,26|21|118073|80590|15359|2752|8849|2514|917|501|0|0
78.10,26|21|118073|80590|15359|2752|8849|2514|917|501|0|0
78.20,26|21|118073|80590|15359|2752|8849|2514|917|501|0|0
78.30,26|21|118073|80590|15359|2752|8849|2514|917|501|0|0
78.40,34|48|31238|19183|5426|19274|13039|5549|4008|994|0|0
78.50,34|48|31238|19183|5426|19274|13039|5549|4008|994|0|0
78.61,34|48|31238|19183|5426|19274|13039|5549|4008|994|0|0
78.71,34|48|31238|19183|5426|19274|13039|5549|4008|994|0|0
78.81,34|48|31238|19183|5426|19274|13039|5549|4008|994|0|0
78.91,34|48|31238|19183|5426|19274|13039|5549|4008|994|0|0
79.01,34|48|31238|19183|5426|19274|13039|5549|4008|994|0|0
79.12,34|48|31238|19183|5426|19274|13039|5549|4008|994|0|0
79.22,34|48|31238|19183|5426|19274|13039|5549|4008|994|0|0
79.32,37|35|1497860|154089|32160|20639|20825|27280|10440|4796|0|0
79.42,37|35|1497860|154089|32160|20639|20825|27280|10440|4796|0|0
79.52,37|35|1497860|154089|32160|20639|20825|27280|10440|4796|0|0
79.62,37|35|1497860|154089|32160|20639|20825|27280|10440|4796|0|0
79.73,37|35|1497860|154089|32160|20639|20825|27280|10440|4796|0|0
79.83,37|35|1497860|154089|32160|20639|20825|27280|10440|4796|0|0
79.93,37|35|1497860|154089|32160|20639|20825|27280|10440|4796|0|0
80.04,37|35|1497860|154089|32160|20639|20825|27280|10440|4796|0|0
80.14,37|35|1497860|154089|32160|20639|20825|27280|10440|4796|0|0
80.25,37|35|1497860|154089|32160|20639|20825|27280|10440|4796|0|0
80.35,43|47|23731|73381|10658|9061|19282|4690|2518|1225|0|0
80.45,43|47|23731|73381|10658|9061|19282|4690|2518|1225|0|0
80.56,43|47|23731|73381|10658|9061|19282|4690|2518|1225|0|0
114.70,41|87|36952|26402|3034|22526|2846|2107|4123|1497|0|0
114.80,41|87|36952|26402|3034|22526|2846|2107|4123|1497|0|0
114.91,41|87|36952|26402|3034|22526|2846|2107|4123|1497|0|0
115.01,41|87|36952|26402|3034|22526|2846|2107|4123|1497|0|0
115.11,41|87|36952|26402|3034|22526|2846|2107|4123|1497|0|0
115.21,41|61|6805|26277|9508|2467|4565|6586|2066|2338|0|0
115.32,41|61|6805|26277|9508|2467|4565|6586|2066|2338|0|0
115.42,41|61|6805|26277|9508|2467|4565|6586|2066|2338|0|0
115.52,41|61|6805|26277|9508|2467|4565|6586|2066|2338|0|0
115.62,41|61|6805|26277|9508|2467|4565|6586|2066|2338|0|0
115.72,41|61|6805|26277|9508|2467|4565|6586|2066|2338|0|0
115.82,41|61|6805|26277|9508|2467|4565|6586|2066|2338|0|0
115.92,41|61|6805|26277|9508|2467|4565|6586|2066|2338|0|0
116.03,41|61|6805|26277|9508|2467|4565|6586|2066|2338|0|0
116.13,41|61|6805|26277|9508|2467|4565|6586|2066|2338|0|0
116.24,38|57|444880|170561|28538|65377|26364|7937|2198|3750|0|0
116.34,38|57|444880|170561|28538|65377|26364|7937|2198|3750|0|0
116.44,38|57|444880|170561|28538|65377|26364|7937|2198|3750|0|0
116.54,38|57|444880|170561|28538|65377|26364|7937|2198|3750|0|0
116.65,38|57|444880|170561|28538|65377|26364|7937|2198|3750|0|0
116.75,38|57|444880|170561|28538|65377|26364|7937|2198|3750|0|0
116.85,38|57|444880|170561|28538|65377|26364|7937|2198|3750|0|0
116.95,38|57|444880|170561|28538|65377|26364|7937|2198|3750|0|0
117.06,38|57|444880|170561|28538|65377|26364|7937|2198|3750|0|0
117.16,43|51|832670|31173|10475|12430|17846|5813|1345|1076|0|0
117.26,43|51|832670|31173|10475|12430|17846|5813|1345|1076|0|0
117.36,43|51|832670|31173|10475|12430|17846|5813|1345|1076|0|0
117.47,43|51|832670|31173|10475|12430|17846|5813|1345|1076|0|0
117.57,43|51|832670|31173|10475|12430|17846|5813|1345|1076|0|0
117.67,43|51|832670|31173|10475|12430|17846|5813|1345|1076|0|0
120.90,40|43|179381|18733|413|2865|6087|2230|4252|1816|0|0
121.00,40|43|179381|18733|413|2865|6087|2230|4252|1816|0|0
121.10,40|43|179381|18733|413|2865|6087|2230|4252|1816|0|0
121.20,34|34|96001|29825|5124|1937|6157|1612|820|618|0|0
121.30,34|34|96001|29825|5124|1937|6157|1612|820|618|0|0
121.41,34|34|96001|29825|5124|1937|6157|1612|820|618|0|0
121.51,34|34|96001|29825|5124|1937|6157|1612|820|618|0|0
121.61,34|34|96001|29825|5124|1937|6157|1612|820|618|0|0
121.71,34|34|96001|29825|5124|1937|6157|1612|820|618|0|0
121.82,34|34|96001|29825|5124|1937|6157|1612|820|618|0|0
121.92,34|34|96001|29825|5124|1937|6157|1612|820|618|0|0
122.02,34|34|96001|29825|5124|1937|6157|1612|820|618|0|0
122.13,40|27|54096|29936|10351|10989|7772|4872|2315|1033|0|0
122.23,40|27|54096|29936|10351|10989|7772|4872|2315|1033|0|0
122.34,40|27|54096|29936|10351|10989|7772|4872|2315|1033|0|0
122.44,40|27|54096|29936|10351|10989|7772|4872|2315|1033|0|0
122.54,40|27|54096|29936|10351|10989|7772|4872|2315|1033|0|0
122.64,40|27|54096|29936|10351|10989|7772|4872|2315|1033|0|0
122.75,40|27|54096|29936|10351|10989|7772|4872|2315|1033|0|0
122.85,40|27|54096|29936|10351|10989|7772|4872|2315|1033|0|0
122.95,40|27|54096|29936|10351|10989|7772|4872|2315|1033|0|0
123.05,40|27|54096|29936|10351|10989|7772|4872|2315|1033|0|0
123.15,41|29|398773|101601|49142|34635|50847|8110|11465|10987|0|0
123.26,41|29|398773|101601|49142|34635|50847|8110|11465|10987|0|0
123.36,41|29|398773|101601|49142|34635|50847|8110|11465|10987|0|0
123.47,41|29|398773|101601|49142|34635|50847|8110|11465|10987|0|0
123.57,41|29|398773|101601|49142|34635|50847|8110|11465|10987|0|0
123.67,41|29|398773|101601|49142|34635|50847|8110|11465|10987|0|0
123.77,41|29|398773|101601|49142|34635|50847|8110|11465|10987|0|0
123.88,41|29|398773|101601|49142|34635|50847|8110|11465|10987|0|0
145.62,37|47|382228|145102|21506|53064|25514|6612|5587|2015|0|0
145.72,37|47|382228|145102|21506|53064|25514|6612|5587|2015|0|0
145.82,37|47|382228|145102|21506|53064|25514|6612|5587|2015|0|0
145.93,37|47|382228|145102|21506|53064|25514|6612|5587|2015|0|0
146.03,41|35|953835|60832|7207|12132|3164|7037|2185|1163|0|0
146.14,41|35|953835|60832|7207|12132|3164|7037|2185|1163|0|0
146.24,41|35|953835|60832|7207|12132|3164|7037|2185|1163|0|0
146.35,41|35|953835|60832|7207|12132|3164|7037|2185|1163|0|0
146.45,41|35|953835|60832|7207|12132|3164|7037|2185|1163|0|0
146.55,41|35|953835|60832|7207|12132|3164|7037|2185|1163|0|0
146.65,41|35|953835|60832|7207|12132|3164|7037|2185|1163|0|0
146.75,41|35|953835|60832|7207|12132|3164|7037|2185|1163|0|0
146.86,41|35|953835|60832|7207|12132|3164|7037|2185|1163|0|0
146.96,41|35|953835|60832|7207|12132|3164|7037|2185|1163|0|0
147.06,26|51|244088|132937|73771|72235|3298|5638|4228|5339|0|0
147.16,26|51|244088|132937|73771|72235|3298|5638|4228|5339|0|0
147.26,26|51|244088|132937|73771|72235|3298|5638|4228|5339|0|0
147.36,26|51|244088|132937|73771|72235|3298|5638|4228|5339|0|0
147.47,26|51|244088|132937|73771|72235|3298|5638|4228|5339|0|0
147.57,26|51|244088|132937|73771|72235|3298|5638|4228|5339|0|0
147.67,26|51|244088|132937|73771|72235|3298|5638|4228|5339|0|0
147.77,26|51|244088|132937|73771|72235|3298|5638|4228|5339|0|0
147.87,26|51|244088|132937|73771|72235|3298|5638|4228|5339|0|0
147.97,26|51|244088|132937|73771|72235|3298|5638|4228|5339|0|0
148.08,24|70|374952|35103|103687|15698|15540|7056|5094|12342|0|0
148.18,24|70|374952|35103|103687|15698|15540|7056|5094|12342|0|0
148.28,24|70|374952|35103|103687|15698|15540|7056|5094|12342|0|0
148.38,24|70|374952|35103|103687|15698|15540|7056|5094|12342|0|0
148.49,24|70|374952|35103|103687|15698|15540|7056|5094|12342|0|0
148.59,24|70|374952|35103|103687|15698|15540|7056|5094|12342|0|0
151.78,40|70|95874|9098|3108|1514|1563|1734|1241|1902|0|0
151.88,40|70|95874|9098|3108|1514|1563|1734|1241|1902|0|0
151.98,40|70|95874|9098|3108|1514|1563|1734|1241|1902|0|0
152.08,54|56|18370|5122|1292|4678|3801|3360|2847|2276|0|0
152.19,54|56|18370|5122|1292|4678|3801|3360|2847|2276|0|0
152.29,54|56|18370|5122|1292|4678|3801|3360|2847|2276|0|0
152.40,54|56|18370|5122|1292|4678|3801|3360|2847|2276|0|0
152.50,54|56|18370|5122|1292|4678|3801|3360|2847|2276|0|0
152.60,54|56|18370|5122|1292|4678|3801|3360|2847|2276|0|0
152.71,54|56|18370|5122|1292|4678|3801|3360|2847|2276|0|0
152.81,54|56|18370|5122|1292|4678|3801|3360|2847|2276|0|0
152.91,54|56|18370|5122|1292|4678|3801|3360|2847|2276|0|0
153.01,63|54|81408|93779|80448|11896|15792|13351|11776|3914|0|0
153.11,63|54|81408|93779|80448|11896|15792|13351|11776|3914|0|0
153.22,63|54|81408|93779|80448|11896|15792|13351|11776|3914|0|0
153.32,63|54|81408|93779|80448|11896|15792|13351|11776|3914|0|0
153.42,63|54|81408|93779|80448|11896|15792|13351|11776|3914|0|0
153.53,63|54|81408|93779|80448|11896|15792|13351|11776|3914|0|0
153.63,63|54|81408|93779|80448|11896|15792|13351|11776|3914|0|102
153.73,63|54|81408|93779|80448|11896|15792|13351|11776|3914|0|45
153.84,63|54|81408|93779|80448|11896|15792|13351|11776|3914|0|0
153.94,63|54|81408|93779|80448|11896|15792|13351|11776|3914|0|0
154.04,63|63|455270|24549|18307|10902|5473|4322|1316|2399|0|0
154.15,63|63|455270|24549|18307|10902|5473|4322|1316|2399|0|0
154.25,63|63|455270|24549|18307|10902|5473|4322|1316|2399|0|0
154.35,63|63|455270|24549|18307|10902|5473|4322|1316|2399|0|0
154.46,63|63|455270|24549|18307|10902|5473|4322|1316|2399|0|0
154.56,63|63|455270|24549|18307|10902|5473|4322|1316|2399|0|0
154.66,63|63|455270|24549|18307|10902|5473|4322|1316|2399|0|0
154.77,63|63|455270|24549|18307|10902|5473|4322|1316|2399|0|0
164.19,51|37|23246|27296|7949|17105|12531|5507|2883|4114|0|0
164.30,51|37|23246|27296|7949|17105|12531|5507|2883|4114|0|0
164.40,51|37|23246|27296|7949|17105|12531|5507|2883|4114|0|0
164.51,51|37|23246|27296|7949|17105|12531|5507|2883|4114|0|0
164.61,51|37|23246|27296|7949|17105|12531|5507|2883|4114|0|0
164.71,51|37|23246|27296|7949|17105|12531|5507|2883|4114|0|0
164.81,51|37|23246|27296|7949|17105|12531|5507|2883|4114|0|0
164.92,51|37|23246|27296|7949|17105|12531|5507|2883|4114|0|0
165.02,56|37|144836|15965|1312|4202|5364|2089|1230|748|0|0
165.12,56|37|144836|15965|1312|4202|5364|2089|1230|748|0|0
165.22,56|37|144836|15965|1312|4202|5364|2089|1230|748|0|0
165.32,56|37|144836|15965|1312|4202|5364|2089|1230|748|0|0
165.43,56|37|144836|15965|1312|4202|5364|2089|1230|748|0|0
165.53,56|37|144836|15965|1312|4202|5364|2089|1230|748|0|0
165.63,56|37|144836|15965|1312|4202|5364|2089|1230|748|0|0
165.74,56|37|144836|15965|1312|4202|5364|2089|1230|748|0|0
165.84,56|37|144836|15965|1312|4202|5364|2089|1230|748|0|0
165.94,60|54|539789|136724|29972|77161|22123|13069|8957|6100|0|0
166.04,60|54|539789|136724|29972|77161|22123|13069|8957|6100|0|0
166.14,60|54|539789|136724|29972|77161|22123|13069|8957|6100|0|0
166.25,60|54|539789|136724|29972|77161|22123|13069|8957|6100|0|0
166.35,60|54|539789|136724|29972|77161|22123|13069|8957|6100|0|0
166.45,60|54|539789|136724|29972|77161|22123|13069|8957|6100|0|0
166.56,60|54|539789|136724|29972|77161|22123|13069|8957|6100|0|0
166.66,60|54|539789|136724|29972|77161|22123|13069|8957|6100|0|0
166.77,60|54|539789|136724|29972|77161|22123|13069|8957|6100|0|0
166.87,60|54|539789|136724|29972|77161|22123|13069|8957|6100|0|0
166.97,43|53|414556|50542|26486|8524|3776|3432|3714|1072|0|0
167.07,43|53|414556|50542|26486|8524|3776|3432|3714|1072|0|0
167.18,43|53|414556|50542|26486|8524|3776|3432|3714|1072|0|0
170.38,48|70|17087|7977|11573|6359|2248|5821|3508|951|0|0
170.48,48|70|17087|7977|11573|6359|2248|5821|3508|951|0|0
170.59,48|70|17087|7977|11573|6359|2248|5821|3508|951|0|0
170.69,48|70|17087|7977|11573|6359|2248|5821|3508|951|0|0
170.79,48|70|17087|7977|11573|6359|2248|5821|3508|951|0|0
170.90,48|70|17087|7977|11573|6359|2248|5821|3508|951|0|0
171.00,57|69|6320|10100|1312|8875|3656|3026|2244|2632|0|0
171.10,57|69|6320|10100|1312|8875|3656|3026|2244|2632|0|0
171.20,57|69|6320|10100|1312|8875|3656|3026|2244|2632|0|0
171.31,57|69|6320|10100|1312|8875|3656|3026|2244|2632|0|0
171.41,57|69|6320|10100|1312|8875|3656|3026|2244|2632|0|0
171.52,57|69|6320|10100|1312|8875|3656|3026|2244|2632|0|0
171.62,57|69|6320|10100|1312|8875|3656|3026|2244|2632|0|0
171.72,57|69|6320|10100|1312|8875|3656|3026|2244|2632|0|0
171.82,57|69|6320|10100|1312|8875|3656|3026|2244|2632|0|0
171.92,66|70|665158|124928|51940|30062|26863|15932|8626|3996|0|0
172.03,66|70|665158|124928|51940|30062|26863|15932|8626|3996|0|0
172.13,66|70|665158|124928|51940|30062|26863|15932|8626|3996|0|0
172.24,66|70|665158|124928|51940|30062|26863|15932|8626|3996|0|0
172.34,66|70|665158|124928|51940|30062|26863|15932|8626|3996|0|0
172.45,66|70|665158|124928|51940|30062|26863|15932|8626|3996|0|0
172.55,66|70|665158|124928|51940|30062|26863|15932|8626|3996|0|0
172.65,66|70|665158|124928|51940|30062|26863|15932|8626|3996|0|0
172.76,66|70|665158|124928|51940|30062|26863|15932|8626|3996|0|0
172.86,66|70|665158|124928|51940|30062|26863|15932|8626|3996|0|0
172.96,54|61|15735|84797|24317|8243|11681|3593|5908|2733|0|0
173.06,54|61|15735|84797|24317|8243|11681|3593|5908|2733|0|0
173.17,54|61|15735|84797|24317|8243|11681|3593|5908|2733|0|0
173.27,54|61|15735|84797|24317|8243|11681|3593|5908|2733|0|0
173.37,54|61|15735|84797|24317|8243|11681|3593|5908|2733|0|0
176.56,44|35|211063|20209|2234|2110|682|2161|951|486|0|0
176.66,44|35|211063|20209|2234|2110|682|2161|951|486|0|0
176.76,44|35|211063|20209|2234|2110|682|2161|951|486|0|0
176.86,44|35|211063|20209|2234|2110|682|2161|951|486|0|0
176.96,51|41|24258|28757|6086|18585|9210|3853|2749|1591|0|0
177.06,51|41|24258|28757|6086|18585|9210|3853|2749|1591|0|0
177.17,51|41|24258|28757|6086|18585|9210|3853|2749|1591|0|0
177.27,51|41|24258|28757|6086|18585|9210|3853|2749|1591|0|0
177.38,51|41|24258|28757|6086|18585|9210|3853|2749|1591|0|0
177.48,51|41|24258|28757|6086|18585|9210|3853|2749|1591|0|0
177.58,51|41|24258|28757|6086|18585|9210|3853|2749|1591|0|0
177.68,51|41|24258|28757|6086|18585|9210|3853|2749|1591|0|0
177.78,51|41|24258|28757|6086|18585|9210|3853|2749|1591|0|0
177.88,50|41|110587|26088|4301|3614|1580|2428|1625|574|0|0
177.99,50|41|110587|26088|4301|3614|1580|2428|1625|574|0|0
178.09,50|41|110587|26088|4301|3614|1580|2428|1625|574|0|0
178.19,50|41|110587|26088|4301|3614|1580|2428|1625|574|0|0
178.29,50|41|110587|26088|4301|3614|1580|2428|1625|574|0|0
178.39,50|41|110587|26088|4301|3614|1580|2428|1625|574|0|0
178.49,50|41|110587|26088|4301|3614|1580|2428|1625|574|0|0
178.60,50|41|110587|26088|4301|3614|1580|2428|1625|574|0|0
178.70,50|41|110587|26088|4301|3614|1580|2428|1625|574|0|0
178.81,50|41|110587|26088|4301|3614|1580|2428|1625|574|0|0
178.91,51|41|1321362|49244|20295|20281|21088|11163|10911|14897|0|0
179.01,51|41|1321362|49244|20295|20281|21088|11163|10911|14897|0|0
179.11,51|41|1321362|49244|20295|20281|21088|11163|10911|14897|0|0
179.21,51|41|1321362|49244|20295|20281|21088|11163|10911|14897|0|0
179.32,51|41|1321362|49244|20295|20281|21088|11163|10911|14897|0|0
179.42,51|41|1321362|49244|20295|20281|21088|11163|10911|14897|0|0
179.52,51|41|1321362|49244|20295|20281|21088|11163|10911|14897|0|0
