15.62,50|83|256279|49370|41035|19121|9950|9039|13531|3172|0|0
15.72,50|83|256279|49370|41035|19121|9950|9039|13531|3172|0|0
15.83,50|83|256279|49370|41035|19121|9950|9039|13531|3172|0|0
15.93,50|83|256279|49370|41035|19121|9950|9039|13531|3172|0|0
16.04,50|83|256279|49370|41035|19121|9950|9039|13531|3172|0|0
16.14,50|83|256279|49370|41035|19121|9950|9039|13531|3172|0|0
16.24,50|83|256279|49370|41035|19121|9950|9039|13531|3172|0|0
16.34,50|83|256279|49370|41035|19121|9950|9039|13531|3172|0|0
16.45,50|83|256279|49370|41035|19121|9950|9039|13531|3172|0|0
16.55,50|83|256279|49370|41035|19121|9950|9039|13531|3172|0|0
16.65,44|90|324451|24603|34614|10032|5229|7610|7609|4717|0|0
16.76,44|90|324451|24603|34614|10032|5229|7610|7609|4717|0|0
16.86,44|90|324451|24603|34614|10032|5229|7610|7609|4717|0|0
16.96,44|90|324451|24603|34614|10032|5229|7610|7609|4717|0|0
17.06,44|90|324451|24603|34614|10032|5229|7610|7609|4717|0|154
17.17,44|90|324451|24603|34614|10032|5229|7610|7609|4717|0|82
17.27,44|90|324451|24603|34614|10032|5229|7610|7609|4717|0|14
17.38,44|90|324451|24603|34614|10032|5229|7610|7609|4717|0|0
17.48,44|90|324451|24603|34614|10032|5229|7610|7609|4717|0|0
17.58,44|90|324451|24603|34614|10032|5229|7610|7609|4717|0|0
17.69,40|77|985894|218635|53052|6379|14465|21111|12905|6302|0|0
17.79,40|77|985894|218635|53052|6379|14465|21111|12905|6302|0|0
17.89,40|77|985894|218635|53052|6379|14465|21111|12905|6302|0|0
17.99,40|77|985894|218635|53052|6379|14465|21111|12905|6302|0|0
18.10,40|77|985894|218635|53052|6379|14465|21111|12905|6302|0|0
18.20,40|77|985894|218635|53052|6379|14465|21111|12905|6302|0|0
18.31,40|77|985894|218635|53052|6379|14465|21111|12905|6302|0|0
18.41,40|77|985894|218635|53052|6379|14465|21111|12905|6302|0|0
18.51,40|77|985894|218635|53052|6379|14465|21111|12905|6302|0|0
18.61,40|84|38809|38420|32040|14516|33551|14120|16541|12305|0|0
34.25,61|44|7591|1656|1934|1455|1125|3365|561|713|0|0
34.35,61|44|7591|1656|1934|1455|1125|3365|561|713|0|0
34.45,61|44|7591|1656|1934|1455|1125|3365|561|713|0|0
34.55,47|23|128002|12013|537|1283|318|992|127|228|0|0
34.65,47|23|128002|12013|537|1283|318|992|127|228|0|0
34.76,47|23|128002|12013|537|1283|318|992|127|228|0|0
34.86,47|23|128002|12013|537|1283|318|992|127|228|0|0
34.96,47|23|128002|12013|537|1283|318|992|127|228|0|0
35.06,47|23|128002|12013|537|1283|318|992|127|228|0|0
35.17,47|23|128002|12013|537|1283|318|992|127|228|0|0
35.27,47|23|128002|12013|537|1283|318|992|127|228|0|0
35.37,47|23|128002|12013|537|1283|318|992|127|228|0|0
35.47,47|23|128002|12013|537|1283|318|992|127|228|0|0
35.57,40|40|390029|21525|17259|5355|5940|1440|1240|917|0|0
35.68,40|40|390029|21525|17259|5355|5940|1440|1240|917|0|0
35.78,40|40|390029|21525|17259|5355|5940|1440|1240|917|0|0
35.88,40|40|390029|21525|17259|5355|5940|1440|1240|917|0|0
35.99,40|40|390029|21525|17259|5355|5940|1440|1240|917|0|0
36.09,40|40|390029|21525|17259|5355|5940|1440|1240|917|0|0
36.20,40|40|390029|21525|17259|5355|5940|1440|1240|917|0|0
36.30,40|40|390029|21525|17259|5355|5940|1440|1240|917|0|0
36.40,40|40|390029|21525|17259|5355|5940|1440|1240|917|0|0
36.50,26|54|38447|225176|50423|6759|10585|3320|3687|1073|0|0
36.60,26|54|38447|225176|50423|6759|10585|3320|3687|1073|0|0
36.71,26|54|38447|225176|50423|6759|10585|3320|3687|1073|0|0
36.81,26|54|38447|225176|50423|6759|10585|3320|3687|1073|0|0
36.91,26|54|38447|225176|50423|6759|10585|3320|3687|1073|0|0
37.01,26|54|38447|225176|50423|6759|10585|3320|3687|1073|0|0
37.12,26|54|38447|225176|50423|6759|10585|3320|3687|1073|0|0
37.22,26|54|38447|225176|50423|6759|10585|3320|3687|1073|0|0
40.43,1|35|133560|24976|7278|2036|3802|1211|489|675|0|0
40.53,11|30|302583|71760|3912|11430|8273|4563|3156|3105|0|0
40.63,11|30|302583|71760|3912|11430|8273|4563|3156|3105|0|0
40.74,11|30|302583|71760|3912|11430|8273|4563|3156|3105|0|0
40.84,11|30|302583|71760|3912|11430|8273|4563|3156|3105|0|0
40.95,11|30|302583|71760|3912|11430|8273|4563|3156|3105|0|0
41.05,11|30|302583|71760|3912|11430|8273|4563|3156|3105|0|0
41.15,11|30|302583|71760|3912|11430|8273|4563|3156|3105|0|0
41.25,11|30|302583|71760|3912|11430|8273|4563|3156|3105|0|0
41.35,11|30|302583|71760|3912|11430|8273|4563|3156|3105|0|0
41.45,11|30|302583|71760|3912|11430|8273|4563|3156|3105|0|0
41.55,38|54|672974|69927|33761|26104|19281|22660|16124|6967|0|0
41.66,38|54|672974|69927|33761|26104|19281|22660|16124|6967|0|0
41.76,38|54|672974|69927|33761|26104|19281|22660|16124|6967|0|0
41.86,38|54|672974|69927|33761|26104|19281|22660|16124|6967|0|0
41.96,38|54|672974|69927|33761|26104|19281|22660|16124|6967|0|0
42.07,38|54|672974|69927|33761|26104|19281|22660|16124|6967|0|0
42.17,38|54|672974|69927|33761|26104|19281|22660|16124|6967|0|0
42.27,38|54|672974|69927|33761|26104|19281|22660|16124|6967|0|0
42.37,38|54|672974|69927|33761|26104|19281|22660|16124|6967|0|0
42.47,48|51|431781|249299|68704|30508|31806|47006|3034|10255|0|0
42.58,48|51|431781|249299|68704|30508|31806|47006|3034|10255|0|0
42.68,48|51|431781|249299|68704|30508|31806|47006|3034|10255|0|0
42.78,48|51|431781|249299|68704|30508|31806|47006|3034|10255|0|0
42.89,48|51|431781|249299|68704|30508|31806|47006|3034|10255|0|0
42.99,48|51|431781|249299|68704|30508|31806|47006|3034|10255|0|0
43.09,48|51|431781|249299|68704|30508|31806|47006|3034|10255|0|0
43.20,48|51|431781|249299|68704|30508|31806|47006|3034|10255|0|0
43.30,48|51|431781|249299|68704|30508|31806|47006|3034|10255|0|0
43.41,48|51|431781|249299|68704|30508|31806|47006|3034|10255|0|0
46.61,38|70|361308|37242|5346|13407|3623|1720|1429|1117|0|0
46.71,38|70|361308|37242|5346|13407|3623|1720|1429|1117|0|0
46.81,38|70|361308|37242|5346|13407|3623|1720|1429|1117|0|0
46.91,38|70|361308|37242|5346|13407|3623|1720|1429|1117|0|0
47.02,38|70|361308|37242|5346|13407|3623|1720|1429|1117|0|0
47.12,38|70|361308|37242|5346|13407|3623|1720|1429|1117|0|0
47.22,38|70|361308|37242|5346|13407|3623|1720|1429|1117|0|0
47.32,38|70|361308|37242|5346|13407|3623|1720|1429|1117|0|0
47.43,38|70|361308|37242|5346|13407|3623|1720|1429|1117|0|0
47.53,35|69|114863|46648|7803|13167|3602|4129|12208|2873|0|0
47.63,35|69|114863|46648|7803|13167|3602|4129|12208|2873|0|0
47.74,35|69|114863|46648|7803|13167|3602|4129|12208|2873|0|0
47.84,35|69|114863|46648|7803|13167|3602|4129|12208|2873|0|0
47.94,35|69|114863|46648|7803|13167|3602|4129|12208|2873|0|0
48.05,35|69|114863|46648|7803|13167|3602|4129|12208|2873|0|0
48.15,35|69|114863|46648|7803|13167|3602|4129|12208|2873|0|0
48.25,35|69|114863|46648|7803|13167|3602|4129|12208|2873|0|0
48.36,35|69|114863|46648|7803|13167|3602|4129|12208|2873|0|0
48.46,43|66|173336|312570|40214|42507|17069|19787|13628|8547|0|0
48.56,43|66|173336|312570|40214|42507|17069|19787|13628|8547|0|0
48.66,43|66|173336|312570|40214|42507|17069|19787|13628|8547|0|0
48.77,43|66|173336|312570|40214|42507|17069|19787|13628|8547|0|0
48.87,43|66|173336|312570|40214|42507|17069|19787|13628|8547|0|0
48.97,43|66|173336|312570|40214|42507|17069|19787|13628|8547|0|0
49.07,43|66|173336|312570|40214|42507|17069|19787|13628|8547|0|0
49.18,43|66|173336|312570|40214|42507|17069|19787|13628|8547|0|0
49.28,43|66|173336|312570|40214|42507|17069|19787|13628|8547|0|0
49.39,43|66|173336|312570|40214|42507|17069|19787|13628|8547|0|0
49.49,27|56|371667|254192|42619|54888|22420|11462|9010|6484|0|0
49.59,27|56|371667|254192|42619|54888|22420|11462|9010|6484|0|0
59.01,54|35|108439|43041|5426|4404|1809|3237|2575|430|0|0
59.12,54|35|108439|43041|5426|4404|1809|3237|2575|430|0|0
59.22,54|35|108439|43041|5426|4404|1809|3237|2575|430|0|0
59.32,54|35|108439|43041|5426|4404|1809|3237|2575|430|0|0
59.42,57|34|28618|55515|15268|20812|6039|7146|3681|2582|0|0
59.53,57|34|28618|55515|15268|20812|6039|7146|3681|2582|0|0
59.63,57|34|28618|55515|15268|20812|6039|7146|3681|2582|0|0
59.73,57|34|28618|55515|15268|20812|6039|7146|3681|2582|0|0
59.84,57|34|28618|55515|15268|20812|6039|7146|3681|2582|0|0
59.94,57|34|28618|55515|15268|20812|6039|7146|3681|2582|0|0
60.05,57|34|28618|55515|15268|20812|6039|7146|3681|2582|0|0
60.15,57|34|28618|55515|15268|20812|6039|7146|3681|2582|0|0
60.25,57|34|28618|55515|15268|20812|6039|7146|3681|2582|0|0
60.35,57|34|28618|55515|15268|20812|6039|7146|3681|2582|0|0
60.46,44|67|1742088|28824|26162|8760|10440|894|2757|1011|0|0
60.56,44|67|1742088|28824|26162|8760|10440|894|2757|1011|0|0
60.66,44|67|1742088|28824|26162|8760|10440|894|2757|1011|0|0
60.77,44|67|1742088|28824|26162|8760|10440|894|2757|1011|0|0
60.87,44|67|1742088|28824|26162|8760|10440|894|2757|1011|0|0
60.97,44|67|1742088|28824|26162|8760|10440|894|2757|1011|0|0
61.08,44|67|1742088|28824|26162|8760|10440|894|2757|1011|0|0
61.18,44|67|1742088|28824|26162|8760|10440|894|2757|1011|0|0
61.28,44|67|1742088|28824|26162|8760|10440|894|2757|1011|0|0
61.38,44|67|1742088|28824|26162|8760|10440|894|2757|1011|0|0
61.49,23|81|46724|9990|6310|5634|905|624|843|369|0|0
61.59,23|81|46724|9990|6310|5634|905|624|843|369|0|0
61.70,23|81|46724|9990|6310|5634|905|624|843|369|0|0
61.80,23|81|46724|9990|6310|5634|905|624|843|369|0|0
61.90,23|81|46724|9990|6310|5634|905|624|843|369|0|0
62.00,23|81|46724|9990|6310|5634|905|624|843|369|0|0
71.39,21|38|72543|23409|3546|4409|2066|1827|1311|562|0|0
71.49,21|38|72543|23409|3546|4409|2066|1827|1311|562|0|0
71.60,21|38|72543|23409|3546|4409|2066|1827|1311|562|0|0
71.70,21|38|72543|23409|3546|4409|2066|1827|1311|562|0|0
71.80,21|38|72543|23409|3546|4409|2066|1827|1311|562|0|0
71.90,21|38|72543|23409|3546|4409|2066|1827|1311|562|0|0
72.00,21|38|72543|23409|3546|4409|2066|1827|1311|562|0|0
72.11,21|38|72543|23409|3546|4409|2066|1827|1311|562|0|0
72.21,21|38|72543|23409|3546|4409|2066|1827|1311|562|0|0
72.31,21|38|72543|23409|3546|4409|2066|1827|1311|562|0|0
72.41,41|54|24221|42042|7925|11598|3639|10121|4541|4890|0|0
72.52,41|54|24221|42042|7925|11598|3639|10121|4541|4890|0|0
72.62,41|54|24221|42042|7925|11598|3639|10121|4541|4890|0|0
72.72,41|54|24221|42042|7925|11598|3639|10121|4541|4890|0|0
72.83,41|54|24221|42042|7925|11598|3639|10121|4541|4890|0|0
72.93,41|54|24221|42042|7925|11598|3639|10121|4541|4890|0|0
73.04,41|54|24221|42042|7925|11598|3639|10121|4541|4890|0|0
73.14,41|54|24221|42042|7925|11598|3639|10121|4541|4890|0|0
73.24,41|54|24221|42042|7925|11598|3639|10121|4541|4890|0|0
73.34,44|74|740219|195092|122783|110974|77191|28267|4033|8780|0|0
73.44,44|74|740219|195092|122783|110974|77191|28267|4033|8780|0|0
73.54,44|74|740219|195092|122783|110974|77191|28267|4033|8780|0|0
73.65,44|74|740219|195092|122783|110974|77191|28267|4033|8780|0|0
73.75,44|74|740219|195092|122783|110974|77191|28267|4033|8780|0|0
73.85,44|74|740219|195092|122783|110974|77191|28267|4033|8780|0|0
73.96,44|74|740219|195092|122783|110974|77191|28267|4033|8780|0|0
74.06,44|74|740219|195092|122783|110974|77191|28267|4033|8780|0|0
74.16,44|74|740219|195092|122783|110974|77191|28267|4033|8780|0|0
74.27,44|74|740219|195092|122783|110974|77191|28267|4033|8780|0|0
74.37,44|48|2761317|415281|3614|44152|40182|26586|7901|4268|0|0
83.76,60|43|112891|22516|16398|4306|6134|8168|1662|1105|0|0
83.86,60|43|112891|22516|16398|4306|6134|8168|1662|1105|0|0
83.96,60|43|112891|22516|16398|4306|6134|8168|1662|1105|0|0
84.07,60|43|112891|22516|16398|4306|6134|8168|1662|1105|0|0
84.17,60|43|112891|22516|16398|4306|6134|8168|1662|1105|0|0
84.27,60|43|112891|22516|16398|4306|6134|8168|1662|1105|0|0
84.37,70|43|51873|38897|8142|2779|3260|14264|2730|2481|0|0
84.48,70|43|51873|38897|8142|2779|3260|14264|2730|2481|0|0
84.58,70|43|51873|38897|8142|2779|3260|14264|2730|2481|0|0
84.69,70|43|51873|38897|8142|2779|3260|14264|2730|2481|0|0
84.79,70|43|51873|38897|8142|2779|3260|14264|2730|2481|0|0
84.89,70|43|51873|38897|8142|2779|3260|14264|2730|2481|0|0
85.00,70|43|51873|38897|8142|2779|3260|14264|2730|2481|0|0
85.10,70|43|51873|38897|8142|2779|3260|14264|2730|2481|0|0
85.21,70|43|51873|38897|8142|2779|3260|14264|2730|2481|0|0
85.31,77|63|1526209|89652|31514|33215|20461|32089|2702|2572|0|0
85.41,77|63|1526209|89652|31514|33215|20461|32089|2702|2572|0|0
85.51,77|63|1526209|89652|31514|33215|20461|32089|2702|2572|0|0
85.61,77|63|1526209|89652|31514|33215|20461|32089|2702|2572|0|0
85.72,77|63|1526209|89652|31514|33215|20461|32089|2702|2572|0|0
85.82,77|63|1526209|89652|31514|33215|20461|32089|2702|2572|0|0
85.92,77|63|1526209|89652|31514|33215|20461|32089|2702|2572|0|0
86.02,77|63|1526209|89652|31514|33215|20461|32089|2702|2572|0|0
86.12,77|63|1526209|89652|31514|33215|20461|32089|2702|2572|0|0
86.23,77|63|1526209|89652|31514|33215|20461|32089|2702|2572|0|0
86.33,63|74|719106|171755|78099|116004|7734|9932|5504|1519|0|0
86.43,63|74|719106|171755|78099|116004|7734|9932|5504|1519|0|0
86.53,63|74|719106|171755|78099|116004|7734|9932|5504|1519|0|0
86.64,63|74|719106|171755|78099|116004|7734|9932|5504|1519|0|0
86.74,63|74|719106|171755|78099|116004|7734|9932|5504|1519|0|0
182.73,38|48|42349|61603|15776|1964|3907|2348|710|1174|0|0
182.84,38|48|42349|61603|15776|1964|3907|2348|710|1174|0|0
182.94,38|50|18954|19342|2364|11406|2653|4242|1462|2120|0|0
183.04,38|50|18954|19342|2364|11406|2653|4242|1462|2120|0|0
183.14,38|50|18954|19342|2364|11406|2653|4242|1462|2120|0|0
183.24,38|50|18954|19342|2364|11406|2653|4242|1462|2120|0|0
183.35,38|50|18954|19342|2364|11406|2653|4242|1462|2120|0|0
183.45,38|50|18954|19342|2364|11406|2653|4242|1462|2120|0|0
183.55,38|50|18954|19342|2364|11406|2653|4242|1462|2120|0|0
183.65,38|50|18954|19342|2364|11406|2653|4242|1462|2120|0|0
183.75,38|50|18954|19342|2364|11406|2653|4242|1462|2120|0|0
183.86,44|64|747542|10758|70333|3340|12886|14320|10864|4925|0|0
183.96,44|64|747542|10758|70333|3340|12886|14320|10864|4925|0|0
184.06,44|64|747542|10758|70333|3340|12886|14320|10864|4925|0|0
184.16,44|64|747542|10758|70333|3340|12886|14320|10864|4925|0|0
184.26,44|64|747542|10758|70333|3340|12886|14320|10864|4925|0|0
184.37,44|64|747542|10758|70333|3340|12886|14320|10864|4925|0|0
184.47,44|64|747542|10758|70333|3340|12886|14320|10864|4925|0|0
184.57,44|64|747542|10758|70333|3340|12886|14320|10864|4925|0|0
184.67,44|64|747542|10758|70333|3340|12886|14320|10864|4925|0|0
184.77,44|64|747542|10758|70333|3340|12886|14320|10864|4925|0|0
184.88,53|51|595743|209716|33765|16524|32180|29408|6182|3232|0|0
184.98,53|51|595743|209716|33765|16524|32180|29408|6182|3232|0|0
185.09,53|51|595743|209716|33765|16524|32180|29408|6182|3232|0|0
185.19,53|51|595743|209716|33765|16524|32180|29408|6182|3232|0|0
185.29,53|51|595743|209716|33765|16524|32180|29408|6182|3232|0|0
185.39,53|51|595743|209716|33765|16524|32180|29408|6182|3232|0|0
185.49,53|51|595743|209716|33765|16524|32180|29408|6182|3232|0|0
185.59,53|51|595743|209716|33765|16524|32180|29408|6182|3232|0|0
185.69,53|51|595743|209716|33765|16524|32180|29408|6182|3232|0|0
